7.5,1.7,2.1,0.3,0.0,0.0,3.3,54,180
5.40051 , -0.40294
5.40206 , -0.80452
5.40468 , -1.20338
5.40842 , -1.59817
5.41337 , -1.98755
5.41962 , -2.3702
5.42731 , -2.74483
5.43657 , -3.11018
5.44759 , -3.465
5.46057 , -3.8081
5.47572 , -4.13831
5.49331 , -4.45452
5.51361 , -4.75565
5.53691 , -5.0407
5.56354 , -5.30869
5.59385 , -5.55871
5.6282 , -5.78993
5.66698 , -6.00156
5.71057 , -6.19287
5.75938 , -6.36324
5.8138 , -6.51207
5.87423 , -6.63887
5.94106 , -6.7432
6.01463 , -6.82472
6.09527 , -6.88314
6.18326 , -6.91828
6.27881 , -6.93
6.38208 , -6.91828
6.49313 , -6.88314
6.61193 , -6.82472
6.73835 , -6.7432
6.87212 , -6.63887
7.01287 , -6.51207
7.16005 , -6.36324
7.31301 , -6.19287
7.47092 , -6.00156
7.6328 , -5.78993
7.79754 , -5.55871
7.96388 , -5.30869
8.13043 , -5.0407
8.2957 , -4.75565
8.45809 , -4.45452
8.61594 , -4.13831
8.76754 , -3.8081
8.91119 , -3.465
9.04519 , -3.11018
9.1679 , -2.74483
9.27776 , -2.3702
9.37336 , -1.98755
9.45343 , -1.59817
9.51688 , -1.20338
9.56284 , -0.80452
9.59068 , -0.40294
9.6 , -0.0
9.59068 , 0.40294
9.56284 , 0.80452
9.51688 , 1.20338
9.45343 , 1.59817
9.37336 , 1.98755
9.27776 , 2.3702
9.1679 , 2.74483
9.04519 , 3.11018
8.91119 , 3.465
8.76754 , 3.8081
8.61594 , 4.13831
8.45809 , 4.45452
8.2957 , 4.75565
8.13043 , 5.0407
7.96388 , 5.30869
7.79754 , 5.55871
7.6328 , 5.78993
7.47092 , 6.00156
7.31301 , 6.19287
7.16005 , 6.36324
7.01287 , 6.51207
6.87212 , 6.63887
6.73835 , 6.7432
6.61193 , 6.82472
6.49313 , 6.88314
6.38208 , 6.91828
6.27881 , 6.93
6.18326 , 6.91828
6.09527 , 6.88314
6.01463 , 6.82472
5.94106 , 6.7432
5.87423 , 6.63887
5.8138 , 6.51207
5.75938 , 6.36324
5.71057 , 6.19287
5.66698 , 6.00156
5.6282 , 5.78993
5.59385 , 5.55871
5.56354 , 5.30869
5.53691 , 5.0407
5.51361 , 4.75565
5.49331 , 4.45452
5.47572 , 4.13831
5.46057 , 3.8081
5.44759 , 3.465
5.43657 , 3.11018
5.42731 , 2.74483
5.41962 , 2.3702
5.41337 , 1.98755
5.40842 , 1.59817
5.40468 , 1.20338
5.40206 , 0.80452
5.40051 , 0.40294
